   KT            JONSWAP          OUR          ELFOUHAILY       WT  
   0.3000     1.734E-0008     1.734E-0008     8.366E-0009     1.7146
   0.3150     6.839E-0008     6.839E-0008     3.367E-0008     1.7570
   0.3308     2.343E-0007     2.343E-0007     1.177E-0007     1.8004
   0.3473     7.060E-0007     7.060E-0007     3.625E-0007     1.8448
   0.3647     1.894E-0006     1.894E-0006     9.946E-0007     1.8904
   0.3829     4.574E-0006     4.574E-0006     2.459E-0006     1.9371
   0.4020     1.004E-0005     1.004E-0005     5.535E-0006     1.9849
   0.4221     2.020E-0005     2.020E-0005     1.145E-0005     2.0339
   0.4432     3.758E-0005     3.758E-0005     2.195E-0005     2.0842
   0.4654     6.510E-0005     6.510E-0005     3.932E-0005     2.1356
   0.4887     1.057E-0004     1.057E-0004     6.629E-0005     2.1884
   0.5131     1.618E-0004     1.618E-0004     1.059E-0004     2.2424
   0.5388     2.350E-0004     2.350E-0004     1.614E-0004     2.2978
   0.5657     3.252E-0004     3.252E-0004     2.359E-0004     2.3545
   0.5940     4.308E-0004     4.308E-0004     3.326E-0004     2.4127
   0.6237     5.490E-0004     5.490E-0004     4.543E-0004     2.4723
   0.6549     6.761E-0004     6.761E-0004     6.037E-0004     2.5333
   0.6876     8.091E-0004     8.091E-0004     7.832E-0004     2.5959
   0.7220     9.472E-0004     9.472E-0004     9.943E-0004     2.6600
   0.7581     1.095E-0003     1.095E-0003     1.237E-0003     2.7257
   0.7960     1.263E-0003     1.263E-0003     1.508E-0003     2.7930
   0.8358     1.471E-0003     1.471E-0003     1.799E-0003     2.8620
   0.8776     1.745E-0003     1.745E-0003     2.097E-0003     2.9326
   0.9215     2.105E-0003     2.105E-0003     2.380E-0003     3.0051
   0.9675     2.534E-0003     2.534E-0003     2.618E-0003     3.0793
   1.0159     2.938E-0003     2.938E-0003     2.782E-0003     3.1553
   1.0667     3.144E-0003     3.144E-0003     2.845E-0003     3.2332
   1.1200     3.038E-0003     3.038E-0003     2.791E-0003     3.3131
   1.1760     2.719E-0003     2.719E-0003     2.627E-0003     3.3949
   1.2348     2.289E-0003     2.289E-0003     2.377E-0003     3.4787
   1.2966     1.857E-0003     1.857E-0003     2.075E-0003     3.5646
   1.3614     1.493E-0003     1.493E-0003     1.760E-0003     3.6527
   1.4295     1.217E-0003     1.217E-0003     1.464E-0003     3.7429
   1.5010     1.019E-0003     1.019E-0003     1.204E-0003     3.8353
   1.5760     8.777E-0004     8.805E-0004     9.887E-0004     3.9300
   1.6548     7.728E-0004     7.794E-0004     8.166E-0004     4.0271
   1.7375     6.896E-0004     6.899E-0004     6.820E-0004     4.1265
   1.8244     6.187E-0004     6.107E-0004     5.774E-0004     4.2284
   1.9156     5.553E-0004     5.405E-0004     4.958E-0004     4.3329
   2.0114     4.975E-0004     4.785E-0004     4.310E-0004     4.4399
   2.1120     4.444E-0004     4.235E-0004     3.782E-0004     4.5495
   2.2176     3.959E-0004     3.749E-0004     3.341E-0004     4.6619
   2.3285     3.516E-0004     3.318E-0004     2.961E-0004     4.7770
   2.4449     3.115E-0004     2.937E-0004     2.628E-0004     4.8950
   2.5671     2.753E-0004     2.600E-0004     2.332E-0004     5.0159
   2.6955     2.428E-0004     2.302E-0004     2.066E-0004     5.1398
   2.8303     2.137E-0004     2.037E-0004     1.828E-0004     5.2667
   2.9718     1.878E-0004     1.803E-0004     1.614E-0004     5.3968
   3.1204     1.647E-0004     1.596E-0004     1.422E-0004     5.5301
   3.2764     1.443E-0004     1.413E-0004     1.251E-0004     5.6667
   3.4402     1.263E-0004     1.251E-0004     1.098E-0004     5.8066
   3.6122     1.103E-0004     1.107E-0004     9.623E-0005     5.9501
   3.7928     9.632E-0005     9.800E-0005     8.422E-0005     6.0970
   3.9825     8.400E-0005     8.513E-0005     7.359E-0005     6.2476
   4.1816     7.319E-0005     7.354E-0005     6.422E-0005     6.4020
   4.3907     6.372E-0005     6.352E-0005     5.597E-0005     6.5601
   4.6102     5.544E-0005     5.487E-0005     4.871E-0005     6.7222
   4.8407     4.820E-0005     4.740E-0005     4.235E-0005     6.8882
   5.0828     4.188E-0005     4.095E-0005     3.677E-0005     7.0584
   5.3369     3.637E-0005     3.537E-0005     3.190E-0005     7.2328
   5.6038     3.157E-0005     3.056E-0005     2.764E-0005     7.4115
   5.8839     2.739E-0005     2.639E-0005     2.393E-0005     7.5946
   6.1781     2.375E-0005     2.280E-0005     2.069E-0005     7.7822
   6.4870     2.059E-0005     1.970E-0005     1.787E-0005     7.9745
   6.8114     1.785E-0005     1.701E-0005     1.543E-0005     8.1716
   7.1520     1.546E-0005     1.470E-0005     1.331E-0005     8.3736
   7.5096     1.339E-0005     1.270E-0005     1.146E-0005     8.5805
   7.8850     1.160E-0005     1.097E-0005     9.869E-0006     8.7926
   8.2793     1.004E-0005     9.474E-0006     8.488E-0006     9.0099
   8.6933     8.690E-0006     8.184E-0006     7.295E-0006     9.2327
   9.1279     7.520E-0006     7.070E-0006     6.264E-0006     9.4610
   9.5843     6.507E-0006     6.107E-0006     5.375E-0006     9.6949
  10.0635     5.629E-0006     5.276E-0006     4.608E-0006     9.9347
  10.5667     4.869E-0006     4.557E-0006     3.948E-0006    10.1804
  11.0951     4.212E-0006     3.937E-0006     3.379E-0006    10.4323
  11.6498     3.642E-0006     3.401E-0006     2.891E-0006    10.6904
  12.2323     3.149E-0006     2.938E-0006     2.471E-0006    10.9550
  12.8439     2.723E-0006     2.538E-0006     2.110E-0006    11.2262
  13.4861     2.354E-0006     2.192E-0006     1.801E-0006    11.5041
  14.1604     2.035E-0006     1.894E-0006     1.536E-0006    11.7891
  14.8684     1.759E-0006     1.636E-0006     1.310E-0006    12.0811
  15.6119     1.521E-0006     1.413E-0006     1.115E-0006    12.3805
  16.3924     1.314E-0006     1.221E-0006     9.496E-0007    12.6875
  17.2121     1.136E-0006     1.054E-0006     8.078E-0007    13.0021
  18.0727     9.817E-0007     9.109E-0007     6.868E-0007    13.3248
  18.9763     8.484E-0007     7.868E-0007     5.836E-0007    13.6555
  19.9251     7.332E-0007     6.797E-0007     4.956E-0007    13.9947
  20.9214     6.336E-0007     5.871E-0007     4.207E-0007    14.3425
  21.9674     5.475E-0007     5.072E-0007     3.570E-0007    14.6992
  23.0658     4.731E-0007     4.381E-0007     3.028E-0007    15.0650
  24.2191     4.087E-0007     3.785E-0007     2.567E-0007    15.4402
  25.4301     3.532E-0007     3.269E-0007     2.176E-0007    15.8250
  26.7016     3.051E-0007     2.824E-0007     1.843E-0007    16.2199
  28.0366     2.636E-0007     2.440E-0007     1.562E-0007    16.6250
  29.4385     2.278E-0007     2.107E-0007     1.323E-0007    17.0407
  30.9104     1.968E-0007     1.820E-0007     1.120E-0007    17.4673
  32.4559     1.700E-0007     1.572E-0007     9.489E-0008    17.9053
  34.0787     1.469E-0007     1.358E-0007     8.038E-0008    18.3548
  35.7827     1.269E-0007     1.173E-0007     6.811E-0008    18.8165
  37.5718     1.096E-0007     1.013E-0007     5.772E-0008    19.2906
  39.4504     9.472E-0008     8.754E-0008     4.894E-0008    19.7777
  41.4229     8.183E-0008     7.561E-0008     4.151E-0008    20.2782
  43.4940     7.070E-0008     6.531E-0008     3.523E-0008    20.7926
  45.6687     6.107E-0008     5.641E-0008     2.992E-0008    21.3214
  47.9522     5.276E-0008     4.872E-0008     2.544E-0008    21.8653
  50.3498     4.558E-0008     4.208E-0008     2.164E-0008    22.4248
  52.8673     3.938E-0008     3.634E-0008     1.843E-0008    23.0007
  55.5106     3.402E-0008     3.139E-0008     1.571E-0008    23.5937
  58.2862     2.939E-0008     2.710E-0008     1.341E-0008    24.2045
  61.2005     2.539E-0008     2.340E-0008     1.147E-0008    24.8340
  64.2605     2.193E-0008     2.021E-0008     9.815E-0009    25.4831
  67.4735     1.894E-0008     1.745E-0008     8.414E-0009    26.1529
  70.8472     1.637E-0008     1.506E-0008     7.224E-0009    26.8443
  74.3896     1.414E-0008     1.300E-0008     6.212E-0009    27.5587
  78.1090     1.221E-0008     1.122E-0008     5.351E-0009    28.2972
  82.0145     1.055E-0008     9.681E-0009     4.616E-0009    29.0614
  86.1152     9.114E-0009     8.351E-0009     3.989E-0009    29.8528
  90.4210     7.873E-0009     7.202E-0009     3.453E-0009    30.6730
  94.9420     6.801E-0009     6.209E-0009     2.994E-0009    31.5240
  99.6891     5.875E-0009     5.352E-0009     2.599E-0009    32.4078
  104.6736     5.075E-0009     4.610E-0009     2.260E-0009    33.3267
  109.9073     4.384E-0009     3.970E-0009     1.968E-0009    34.2832
  115.4026     3.787E-0009     3.416E-0009     1.716E-0009    35.2800
  121.1728     3.272E-0009     2.938E-0009     1.498E-0009    36.3201
  127.2314     2.826E-0009     2.524E-0009     1.310E-0009    37.4069
  133.5930     2.441E-0009     2.167E-0009     1.146E-0009    38.5441
  140.2726     2.109E-0009     1.859E-0009     1.003E-0009    39.7356
  147.2863     1.822E-0009     1.592E-0009     8.793E-0010    40.9859
  154.6506     1.574E-0009     1.362E-0009     7.710E-0010    42.2999
  162.3831     1.359E-0009     1.163E-0009     6.763E-0010    43.6830
  170.5023     1.174E-0009     9.920E-0010     5.934E-0010    45.1411
  179.0274     1.014E-0009     8.442E-0010     5.208E-0010    46.6806
  187.9787     8.763E-0010     7.169E-0010     4.571E-0010    48.3087
  197.3777     7.570E-0010     6.073E-0010     4.011E-0010    50.0332
  207.2466     6.539E-0010     5.131E-0010     3.518E-0010    51.8626
  217.6089     5.649E-0010     4.323E-0010     3.085E-0010    53.8062
  228.4893     4.880E-0010     3.630E-0010     2.703E-0010    55.8742
  239.9138     4.215E-0010     3.038E-0010     2.367E-0010    58.0778
  251.9095     3.641E-0010     2.533E-0010     2.071E-0010    60.4290
  264.5050     3.146E-0010     2.104E-0010     1.810E-0010    62.9409
  277.7302     2.717E-0010     1.840E-0010     1.580E-0010    65.6279
  291.6167     2.347E-0010     1.672E-0010     1.377E-0010    68.5054
  306.1976     2.028E-0010     1.517E-0010     1.199E-0010    71.5901
  321.5074     1.752E-0010     1.373E-0010     1.042E-0010    74.9002
  337.5828     1.513E-0010     1.239E-0010     9.040E-0011    78.4552
  354.4619     1.307E-0010     1.116E-0010     7.827E-0011    82.2762
  372.1850     1.129E-0010     1.003E-0010     6.762E-0011    86.3860
  390.7943     9.754E-0011     8.983E-0011     5.828E-0011    90.8089
  410.3340     8.426E-0011     8.026E-0011     5.011E-0011    95.5715
  430.8507     7.278E-0011     7.151E-0011     4.297E-0011    100.7018
  452.3932     6.287E-0011     6.354E-0011     3.673E-0011    106.2302
  475.0129     5.431E-0011     5.630E-0011     3.130E-0011    112.1895
  498.7636     4.692E-0011     4.974E-0011     2.658E-0011    118.6146
  523.7017     4.053E-0011     4.383E-0011     2.249E-0011    125.5431
  549.8868     3.501E-0011     3.851E-0011     1.895E-0011    133.0152
  577.3812     3.024E-0011     3.375E-0011     1.589E-0011    141.0742
  606.2502     2.613E-0011     2.950E-0011     1.327E-0011    149.7665
  636.5627     2.257E-0011     2.572E-0011     1.101E-0011    159.1417
  668.3909     1.949E-0011     2.237E-0011     9.092E-0012    169.2534
  701.8104     1.684E-0011     1.941E-0011     7.456E-0012    180.1588
  736.9009     1.455E-0011     1.681E-0011     6.072E-0012    191.9193
  773.7460     1.257E-0011     1.452E-0011     4.906E-0012    204.6011
  812.4333     1.086E-0011     1.252E-0011     3.930E-0012    218.2750
  853.0549     9.377E-0012     1.078E-0011     3.118E-0012    233.0171
  895.7077     8.101E-0012     9.259E-0012     2.448E-0012    248.9092
  940.4931     6.998E-0012     7.941E-0012     1.900E-0012    266.0391
  987.5177     6.045E-0012     6.800E-0012     1.456E-0012    284.5014
  1036.8936     5.222E-0012     5.518E-0012     1.100E-0012    304.3975
  1088.7383     4.511E-0012     4.029E-0012     8.176E-0013    325.8364
  1143.1752     3.897E-0012     2.935E-0012     5.974E-0013    348.9355
  1200.3340     3.366E-0012     2.134E-0012     4.281E-0013    373.8209
  1260.3507     2.908E-0012     1.548E-0012     3.002E-0013    400.6281
  1323.3682     2.512E-0012     1.122E-0012     2.056E-0013    429.5030
  1389.5366     2.170E-0012     8.111E-0013     1.371E-0013    460.6024
  1459.0134     1.874E-0012     5.856E-0013     8.879E-0014    494.0950
  1531.9641     1.619E-0012     4.223E-0013     5.566E-0014    530.1622
  1608.5623     1.399E-0012     3.041E-0013     3.366E-0014    568.9992
  1688.9904     1.208E-0012     2.187E-0013     1.956E-0014    610.8160
  1773.4400     1.044E-0012     1.572E-0013     1.087E-0014    655.8385
  1862.1120     9.016E-0013     1.128E-0013     5.754E-0015    704.3095
  1955.2176     7.788E-0013     8.091E-0014     2.884E-0015    756.4906
